30
115
450
151
409
-3
3
104
60
30
0
60
60
1
60
90
2
60
120
3
60
150
0
60
180
1
60
210
2
60
240
3
60
270
0
120
30
0
120
60
1
120
90
2
120
120
3
120
150
0
120
180
1
120
210
2
120
240
3
120
270
0
180
30
0
180
60
1
180
90
2
180
120
3
180
150
0
180
180
1
180
210
2
180
240
3
180
270
0
240
30
0
240
60
1
240
90
2
240
120
3
240
150
0
240
180
1
240
210
2
240
240
3
240
270
-1
300
30
0
300
60
1
300
90
2
300
120
3
300
150
0
300
180
1
300
210
2
300
240
3
300
270
0
360
30
0
360
60
1
360
90
2
360
120
3
360
150
0
360
180
1
360
210
2
360
240
3
360
270
0
420
30
0
420
60
1
420
90
2
420
120
3
420
150
0
420
180
1
420
210
2
420
240
3
420
270
0
480
30
0
480
60
1
480
90
2
480
120
3
480
150
0
480
180
1
480
210
2
480
240
3
480
270
-1
540
30
0
540
60
1
540
90
2
540
120
3
540
150
0
540
180
1
540
210
2
540
240
3
540
270
-1
600
30
0
600
60
1
600
90
2
600
120
3
600
150
0
600
180
1
600
210
2
600
240
3
600
270
0
660
30
0
660
60
1
660
90
2
660
120
3
660
150
0
660
180
1
660
210
2
660
240
3
660
270
0
720
30
0
720
60
1
720
90
2
720
120
3
720
150
0
720
180
1
720
210
2
720
240
3
720
270
0
3
480
398
540
398
240
308
